right: 557
wrong: 3763
accuracy: 0.12893518518518518
error_rate: 0.8710648148148148
