right: 2678
wrong: 1642
accuracy: 0.6199074074074075
error_rate: 0.38009259259259254
