right: 2655
wrong: 1665
accuracy: 0.6145833333333334
error_rate: 0.38541666666666663
