right: 2801
wrong: 1519
accuracy: 0.6483796296296296
error_rate: 0.3516203703703704
