right: 1058
wrong: 592
accuracy: 0.6412121212121212
error_rate: 0.35878787878787877
