right: 114
wrong: 1536
accuracy: 0.06909090909090909
error_rate: 0.9309090909090909
