right: 917
wrong: 5104
accuracy: 0.15230028234512538
error_rate: 0.8476997176548746
