right: 3645
wrong: 2376
accuracy: 0.6053811659192825
error_rate: 0.3946188340807175
