right: 3793
wrong: 2228
accuracy: 0.6299618003653878
error_rate: 0.37003819963461215
