right: 3251
wrong: 2770
accuracy: 0.5399435309749211
error_rate: 0.4600564690250789
